3 0.520312 0.583333 0.0625 0.116667
7 0.420312 0.255556 0.065625 0.116667
4 0.886719 0.268056 0.0546875 0.108333
2 0.23125 0.741667 0.05625 0.105556
1 0.886719 0.727778 0.0515625 0.1
3 0.720312 0.419444 0.0625 0.116667
2 0.174219 0.722222 0.0546875 0.105556
7 0.365625 0.252778 0.0625 0.116667
3 0.663281 0.429167 0.0640625 0.113889
1 0.833594 0.752778 0.0546875 0.105556
4 0.840625 0.286111 0.05625 0.111111
0 0.835156 0.809722 0.0328125 0.0472222
0 0.140625 0.793056 0.021875 0.0305556
6 0.171875 0.4125 0.084375 0.586111
1 0.522656 0.679167 0.0265625 0.0472222
2 0.794531 0.886111 0.0578125 0.105556
7 0.420312 0.745833 0.065625 0.125
4 0.247656 0.533333 0.0609375 0.116667
4 0.528125 0.625 0.028125 0.05
7 0.364062 0.273611 0.0625 0.119444
2 0.177344 0.745833 0.0546875 0.102778
4 0.839844 0.291667 0.0578125 0.111111
1 0.835156 0.758333 0.0546875 0.105556
3 0.663281 0.441667 0.0640625 0.116667
7 0.364062 0.273611 0.0625 0.119444
2 0.177344 0.745833 0.0546875 0.102778
4 0.839844 0.291667 0.0578125 0.111111
1 0.835156 0.758333 0.0546875 0.105556
3 0.663281 0.441667 0.0640625 0.116667
2 0.191406 0.456944 0.0234375 0.0472222
0 0.150781 0.805556 0.0234375 0.0277778
12 0.407031 0.234722 0.0640625 0.113889
6 0.877344 0.265278 0.0546875 0.108333
1 0.872656 0.727778 0.0546875 0.105556
4 0.210938 0.711111 0.05625 0.105556
5 0.70625 0.408333 0.065625 0.111111
3 0.866406 0.751389 0.0265625 0.0583333
10 0.878125 0.241667 0.034375 0.05
3 0.867188 0.747222 0.028125 0.0611111
3 0.867188 0.748611 0.028125 0.0638889
8 0.890625 0.581944 0.021875 0.0472222
6 0.663281 0.336111 0.0421875 0.0777778
12 0.45 0.327778 0.04375 0.0833333
5 0.661719 0.45 0.0453125 0.0777778
1 0.785937 0.677778 0.040625 0.0777778
6 0.789844 0.341667 0.0453125 0.0833333
4 0.308594 0.666667 0.0453125 0.0833333
6 0.664062 0.341667 0.04375 0.0777778
6 0.664062 0.341667 0.04375 0.0777778
5 0.664062 0.459722 0.046875 0.0805556
5 0.664062 0.459722 0.046875 0.0805556
12 0.450781 0.336111 0.0453125 0.0833333
12 0.450781 0.336111 0.0453125 0.0833333
1 0.786719 0.6875 0.0390625 0.075
1 0.786719 0.6875 0.0390625 0.075
6 0.791406 0.348611 0.0421875 0.0861111
6 0.791406 0.348611 0.0421875 0.0861111
4 0.309375 0.676389 0.04375 0.0805556
4 0.309375 0.676389 0.04375 0.0805556
12 0.451562 0.3375 0.046875 0.0861111
5 0.666406 0.468056 0.0453125 0.0805556
1 0.7875 0.694444 0.040625 0.0777778
4 0.308594 0.679167 0.0421875 0.0805556
6 0.792969 0.359722 0.0421875 0.0805556
3 0.784375 0.713889 0.021875 0.05
8 0.788281 0.526389 0.0203125 0.0361111
0 0.279687 0.729167 0.021875 0.025
8 0.786719 0.622222 0.0171875 0.0333333
7 0.788281 0.526389 0.0203125 0.0361111
6 0.452344 0.318056 0.0453125 0.0861111
6 0.666406 0.326389 0.0421875 0.0805556
5 0.667188 0.444444 0.04375 0.0777778
1 0.790625 0.670833 0.0375 0.075
4 0.310156 0.659722 0.0421875 0.0805556
6 0.792969 0.336111 0.0421875 0.0833333
6 0.667969 0.347222 0.0421875 0.0777778
12 0.453125 0.340278 0.046875 0.0861111
1 0.791406 0.688889 0.0390625 0.0777778
4 0.314063 0.684722 0.04375 0.0805556
5 0.66875 0.463889 0.046875 0.0777778
6 0.795313 0.354167 0.04375 0.0805556
5 0.649219 0.454167 0.0453125 0.0805556
12 0.433594 0.336111 0.0453125 0.0833333
6 0.648438 0.3375 0.04375 0.0805556
4 0.296094 0.677778 0.0421875 0.0777778
6 0.777344 0.341667 0.0453125 0.0833333
1 0.776563 0.680556 0.040625 0.0777778
12 0.4375 0.35 0.04375 0.0833333
6 0.650781 0.358333 0.0421875 0.0777778
5 0.65 0.473611 0.046875 0.0805556
1 0.776563 0.701389 0.040625 0.075
4 0.296875 0.691667 0.04375 0.0777778
6 0.779688 0.3625 0.04375 0.0805556
6 0.671094 0.336111 0.0421875 0.0777778
12 0.457031 0.325 0.0484375 0.0833333
5 0.669531 0.451389 0.0453125 0.0805556
4 0.313281 0.6625 0.0453125 0.0805556
6 0.798437 0.343056 0.04375 0.0805556
1 0.792969 0.680556 0.0390625 0.0777778
12 0.459375 0.311111 0.04375 0.0777778
5 0.669531 0.436111 0.0453125 0.0777778
1 0.792969 0.665278 0.0390625 0.075
4 0.315625 0.648611 0.04375 0.0805556
6 0.797656 0.329167 0.0421875 0.0805556
12 0.424219 0.233333 0.0640625 0.111111
6 0.889063 0.2625 0.053125 0.102778
5 0.721094 0.404167 0.0640625 0.108333
1 0.884375 0.720833 0.05 0.0972222
4 0.229687 0.706944 0.059375 0.108333
12 0.423438 0.234722 0.0625 0.113889
6 0.8875 0.265278 0.053125 0.102778
1 0.882031 0.722222 0.0515625 0.1
4 0.228125 0.706944 0.05625 0.102778
5 0.71875 0.405556 0.065625 0.111111
12 0.423438 0.234722 0.0625 0.113889
6 0.886719 0.265278 0.0515625 0.102778
4 0.228125 0.706944 0.05625 0.102778
1 0.882031 0.722222 0.0515625 0.1
5 0.71875 0.405556 0.065625 0.111111
12 0.423438 0.234722 0.0625 0.113889
6 0.8875 0.265278 0.053125 0.102778
1 0.882031 0.722222 0.0515625 0.1
4 0.228125 0.706944 0.05625 0.102778
5 0.71875 0.405556 0.065625 0.111111
12 0.422656 0.234722 0.0609375 0.113889
4 0.227344 0.708333 0.0578125 0.105556
6 0.886719 0.265278 0.0515625 0.102778
1 0.882031 0.722222 0.0515625 0.1
5 0.71875 0.405556 0.065625 0.111111
12 0.421875 0.234722 0.0625 0.113889
6 0.886719 0.265278 0.0515625 0.102778
4 0.228125 0.708333 0.05625 0.105556
1 0.88125 0.723611 0.053125 0.102778
5 0.717969 0.408333 0.0640625 0.111111
12 0.422656 0.234722 0.0609375 0.113889
6 0.886719 0.263889 0.0515625 0.105556
4 0.228125 0.708333 0.05625 0.105556
1 0.882031 0.722222 0.0515625 0.1
5 0.71875 0.405556 0.065625 0.111111
12 0.422656 0.233333 0.0609375 0.111111
6 0.886719 0.263889 0.0515625 0.105556
4 0.228125 0.708333 0.05625 0.105556
1 0.882031 0.722222 0.0515625 0.1
5 0.71875 0.406944 0.065625 0.113889
12 0.422656 0.233333 0.0609375 0.111111
6 0.886719 0.2625 0.0515625 0.102778
4 0.228125 0.708333 0.05625 0.105556
1 0.882031 0.722222 0.0515625 0.1
5 0.71875 0.405556 0.065625 0.111111
11 0.269531 0.477778 0.0546875 0.672222
2 0.886719 0.409722 0.0234375 0.0472222
3 0.877344 0.740278 0.0234375 0.0527778
12 0.421875 0.234722 0.0625 0.113889
6 0.886719 0.263889 0.0546875 0.105556
1 0.88125 0.723611 0.053125 0.102778
4 0.228125 0.708333 0.05625 0.105556
5 0.71875 0.405556 0.065625 0.111111
2 0.885156 0.408333 0.0296875 0.0611111
8 0.884375 0.409722 0.028125 0.0583333
2 0.882031 0.575 0.0296875 0.0611111
3 0.877344 0.741667 0.0265625 0.0555556
2 0.860937 0.588889 0.021875 0.0444444
10 0.864062 0.247222 0.028125 0.0388889
3 0.853125 0.752778 0.028125 0.0611111
4 0.2375 0.706944 0.05625 0.108333
12 0.436719 0.234722 0.0640625 0.113889
1 0.891406 0.731944 0.0515625 0.0972222
5 0.732031 0.4125 0.0609375 0.113889
6 0.898438 0.275 0.053125 0.105556
5 0.817969 0.755556 0.0484375 0.0888889
12 0.825 0.288889 0.053125 0.105556
6 0.822656 0.601389 0.0578125 0.108333
4 0.2375 0.706944 0.05625 0.108333
12 0.436719 0.234722 0.0640625 0.113889
1 0.891406 0.730556 0.0515625 0.1
5 0.730469 0.4125 0.0609375 0.113889
6 0.898438 0.275 0.053125 0.105556
3 0.886719 0.751389 0.0265625 0.0638889
4 0.18125 0.718056 0.05625 0.108333
12 0.371094 0.247222 0.0609375 0.111111
1 0.8375 0.7375 0.053125 0.102778
5 0.66875 0.418056 0.0625 0.113889
6 0.842969 0.272222 0.0546875 0.105556
11 0.447656 0.579167 0.0328125 0.436111
3 0.834375 0.756944 0.028125 0.0638889
2 0.839063 0.591667 0.025 0.0555556
4 0.180469 0.719444 0.0546875 0.105556
12 0.371094 0.247222 0.0609375 0.111111
1 0.8375 0.7375 0.053125 0.102778
5 0.667969 0.418056 0.0640625 0.113889
6 0.842969 0.272222 0.0546875 0.105556
2 0.838281 0.591667 0.0265625 0.0555556
3 0.833594 0.758333 0.0296875 0.0611111
4 0.18125 0.718056 0.05625 0.108333
12 0.371094 0.247222 0.0609375 0.111111
1 0.8375 0.7375 0.053125 0.102778
6 0.84375 0.273611 0.05625 0.108333
5 0.667969 0.418056 0.0640625 0.113889
2 0.8375 0.590278 0.025 0.0583333
3 0.833594 0.758333 0.0296875 0.0611111
4 0.180469 0.718056 0.0546875 0.108333
12 0.371094 0.247222 0.0609375 0.111111
1 0.8375 0.7375 0.053125 0.102778
5 0.667969 0.418056 0.0640625 0.113889
6 0.842969 0.272222 0.0546875 0.105556
2 0.838281 0.591667 0.0234375 0.0555556
3 0.833594 0.758333 0.0265625 0.0611111
4 0.249219 0.709722 0.0578125 0.108333
1 0.901563 0.708333 0.05 0.1
12 0.44375 0.229167 0.0625 0.113889
6 0.903906 0.254167 0.0515625 0.102778
5 0.739062 0.397222 0.0625 0.116667
3 0.898438 0.730556 0.025 0.0555556
2 0.900781 0.565278 0.0234375 0.0527778
4 0.248437 0.709722 0.059375 0.108333
1 0.901563 0.708333 0.05 0.1
12 0.442969 0.229167 0.0640625 0.113889
6 0.903906 0.254167 0.0515625 0.102778
5 0.739062 0.397222 0.0625 0.116667
2 0.900781 0.565278 0.0234375 0.0527778
3 0.898438 0.730556 0.025 0.0555556
4 0.228125 0.673611 0.05625 0.108333
6 0.889063 0.240278 0.053125 0.102778
12 0.427344 0.201389 0.0609375 0.113889
1 0.885156 0.695833 0.0515625 0.102778
5 0.721875 0.376389 0.0625 0.113889
4 0.228125 0.676389 0.05625 0.108333
12 0.427344 0.2 0.0609375 0.111111
6 0.889063 0.238889 0.053125 0.105556
1 0.885156 0.694444 0.0515625 0.1
5 0.721875 0.376389 0.0625 0.113889
4 0.228125 0.673611 0.05625 0.108333
6 0.889844 0.240278 0.0515625 0.102778
12 0.427344 0.201389 0.0609375 0.113889
1 0.885156 0.695833 0.0515625 0.102778
5 0.721875 0.376389 0.0625 0.113889
2 0.884375 0.55 0.025 0.0555556
3 0.879687 0.716667 0.025 0.0611111
4 0.228125 0.673611 0.05625 0.108333
6 0.889063 0.240278 0.053125 0.102778
12 0.426562 0.202778 0.0625 0.111111
1 0.885156 0.695833 0.0515625 0.102778
5 0.720312 0.376389 0.0625 0.113889
2 0.885156 0.55 0.0203125 0.0555556
3 0.880469 0.716667 0.0265625 0.0611111
4 0.228125 0.673611 0.05625 0.108333
6 0.889844 0.240278 0.0515625 0.102778
12 0.427344 0.202778 0.0609375 0.111111
1 0.885156 0.695833 0.0515625 0.102778
5 0.721875 0.376389 0.0625 0.113889
2 0.885156 0.55 0.0203125 0.0555556
3 0.880469 0.716667 0.0265625 0.0611111
4 0.228125 0.675 0.05625 0.111111
6 0.889844 0.240278 0.0515625 0.102778
12 0.427344 0.202778 0.0609375 0.111111
1 0.885156 0.695833 0.0515625 0.102778
5 0.721094 0.376389 0.0609375 0.113889
3 0.880469 0.716667 0.0265625 0.0611111
4 0.228125 0.673611 0.05625 0.108333
6 0.889844 0.240278 0.0515625 0.102778
12 0.427344 0.201389 0.0609375 0.108333
1 0.885156 0.695833 0.0515625 0.102778
5 0.721094 0.376389 0.0640625 0.113889
2 0.884375 0.551389 0.025 0.0583333
3 0.880469 0.716667 0.0265625 0.0611111
4 0.228125 0.675 0.05625 0.111111
6 0.889063 0.240278 0.053125 0.102778
12 0.427344 0.201389 0.0609375 0.113889
1 0.885156 0.695833 0.0515625 0.102778
5 0.721875 0.376389 0.0625 0.113889
2 0.884375 0.551389 0.025 0.0583333
3 0.879687 0.716667 0.028125 0.0611111
4 0.213281 0.734722 0.0546875 0.108333
5 0.702344 0.426389 0.0609375 0.113889
1 0.86875 0.741667 0.053125 0.1
6 0.872656 0.281944 0.0546875 0.108333
12 0.405469 0.258333 0.0640625 0.111111
2 0.86875 0.595833 0.025 0.0527778
3 0.864062 0.7625 0.028125 0.0638889
4 0.213281 0.734722 0.0546875 0.108333
5 0.702344 0.426389 0.0609375 0.113889
1 0.86875 0.743056 0.053125 0.102778
6 0.872656 0.281944 0.0546875 0.108333
12 0.405469 0.258333 0.0640625 0.111111
2 0.86875 0.595833 0.025 0.0527778
3 0.864062 0.763889 0.028125 0.0611111
4 0.213281 0.733333 0.0546875 0.105556
5 0.702344 0.427778 0.0609375 0.111111
6 0.872656 0.281944 0.0546875 0.108333
1 0.86875 0.741667 0.053125 0.1
12 0.405469 0.258333 0.0640625 0.111111
2 0.86875 0.597222 0.025 0.0555556
3 0.863281 0.7625 0.0296875 0.0638889
4 0.128906 0.688889 0.0515625 0.105556
1 0.785156 0.680556 0.0578125 0.105556
5 0.600781 0.363889 0.0640625 0.116667
12 0.303125 0.215278 0.059375 0.108333
6 0.780469 0.209722 0.0578125 0.108333
2 0.780469 0.530556 0.0265625 0.0555556
3 0.78125 0.702778 0.028125 0.0611111
4 0.299219 0.702778 0.0609375 0.111111
1 0.944531 0.686111 0.0484375 0.1
12 0.495313 0.215278 0.0625 0.108333
6 0.942969 0.238889 0.0515625 0.1
5 0.7875 0.380556 0.059375 0.111111
2 0.94375 0.543056 0.021875 0.0527778
3 0.941406 0.704167 0.0234375 0.0638889
4 0.299219 0.702778 0.0609375 0.111111
1 0.944531 0.686111 0.0484375 0.1
12 0.495313 0.215278 0.0625 0.108333
6 0.942969 0.238889 0.0515625 0.1
5 0.7875 0.380556 0.059375 0.111111
2 0.94375 0.543056 0.021875 0.0527778
3 0.941406 0.705556 0.0234375 0.0611111
4 0.298438 0.702778 0.059375 0.111111
1 0.944531 0.684722 0.0484375 0.0972222
12 0.495313 0.215278 0.0625 0.108333
6 0.942969 0.238889 0.0515625 0.1
5 0.7875 0.380556 0.059375 0.111111
2 0.94375 0.541667 0.021875 0.05
3 0.940625 0.706944 0.028125 0.0583333
4 0.298438 0.702778 0.059375 0.111111
1 0.944531 0.686111 0.0484375 0.1
12 0.495313 0.215278 0.0625 0.108333
6 0.942969 0.238889 0.0515625 0.1
5 0.7875 0.380556 0.059375 0.111111
2 0.94375 0.541667 0.021875 0.05
3 0.940625 0.705556 0.028125 0.0555556
1 0.871875 0.708333 0.053125 0.1
12 0.409375 0.216667 0.0625 0.111111
4 0.214062 0.690278 0.05625 0.108333
6 0.875 0.248611 0.053125 0.108333
5 0.70625 0.388889 0.0625 0.111111
2 0.871875 0.561111 0.025 0.0555556
3 0.867969 0.727778 0.0265625 0.0611111
4 0.213281 0.690278 0.0546875 0.108333
1 0.870313 0.708333 0.053125 0.105556
12 0.408594 0.216667 0.0609375 0.111111
5 0.704687 0.388889 0.0625 0.111111
6 0.875 0.248611 0.053125 0.108333
2 0.871875 0.559722 0.021875 0.0527778
3 0.867188 0.727778 0.03125 0.0611111
1 0.870313 0.706944 0.053125 0.102778
4 0.214062 0.690278 0.05625 0.108333
12 0.409375 0.216667 0.0625 0.111111
5 0.705469 0.3875 0.0609375 0.113889
6 0.875 0.248611 0.053125 0.108333
2 0.871875 0.559722 0.021875 0.0527778
3 0.866406 0.727778 0.0296875 0.0611111
4 0.214062 0.690278 0.05625 0.108333
1 0.870313 0.708333 0.053125 0.105556
12 0.409375 0.216667 0.0625 0.111111
6 0.875 0.248611 0.053125 0.108333
5 0.705469 0.388889 0.0609375 0.111111
2 0.871094 0.561111 0.0234375 0.0555556
3 0.867188 0.729167 0.028125 0.0638889
4 0.214062 0.690278 0.05625 0.108333
1 0.870313 0.708333 0.053125 0.105556
12 0.409375 0.216667 0.0625 0.111111
6 0.875 0.248611 0.053125 0.108333
5 0.705469 0.388889 0.0609375 0.111111
2 0.871094 0.561111 0.0234375 0.0555556
3 0.866406 0.727778 0.0296875 0.0611111
1 0.870313 0.706944 0.053125 0.102778
4 0.214062 0.690278 0.05625 0.108333
12 0.409375 0.216667 0.0625 0.111111
5 0.705469 0.388889 0.0609375 0.111111
6 0.875 0.248611 0.053125 0.108333
2 0.871094 0.561111 0.0234375 0.0555556
3 0.866406 0.729167 0.0296875 0.0638889
5 0.704687 0.406944 0.0625 0.113889
4 0.214062 0.7125 0.05625 0.108333
6 0.874219 0.261111 0.0546875 0.105556
12 0.407031 0.2375 0.0640625 0.108333
1 0.871875 0.720833 0.053125 0.102778
2 0.871875 0.573611 0.021875 0.0583333
3 0.867188 0.741667 0.028125 0.0611111
